===============================以下是聚类结果=======================
迭代次数		A3							A8							
1    	
4.3742	19.1316	23.5431				2.1337	19.9500	22.3182					
	
2    	
3.5441	12.7074	18.2192				1.7708	11.5000	15.5363					
	
3    	
2.4207	9.6091	14.2973				1.4112	7.7321	13.6086					
	
4    	
2.0287	7.0075	12.5359				1.0724	5.7628	12.2384					
	
5    	
1.6489	5.8018	12.1722				0.8779	4.8043	11.2590					
	
6    	
1.3909	5.0666	11.8629				0.7766	4.2910	10.7385					
	
7    	
1.2937	4.7929	11.7799				0.7397	4.0789	10.4593					
	
8    	
1.2588	4.6913	11.7523				0.6686	3.7552	10.1345					
	
9    	
1.1540	4.4593	11.7523				0.6146	3.4852	9.7277					
	
10    	
1.1393	4.2556	11.4351				0.6019	3.3891	9.5164					
	
11    	
1.0870	4.1475	11.4351				0.5497	3.1800	9.3157					
	
12    	
1.0822	4.1380	11.4351				0.5436	2.9703	8.7223					
	
13    	
1.0822	4.1380	11.4351				0.5379	2.9267	8.6457					
	
14    	
1.0822	4.1380	11.4351				0.4963	2.7958	8.6074					
	
15    	
1.0822	4.1380	11.4351				0.4854	2.7542	8.5693					
	
16    	
1.0822	4.1380	11.4351				0.4721	2.7180	8.5693					
	
17    	
1.0822	4.1380	11.4351				0.4721	2.7180	8.5693					
	
